




生产总值（亿元）
1-4季度
增长（%）
构成


全市生产总值
1625.79
12.1
100.0


  第一产业
344.43
6.0
21.2


  第二产业
617.29
12.0
38.0


    工业
488.60
11.1
30.1


    建筑业
128.69
16.0
7.9


  第三产业
664.07
15.2
40.8


    批发和零售业
93.09
8.6
5.7


    交通运输、仓储和邮政业
128.29
12.7
7.9


    住宿和餐饮业
30.97
11.5
1.9


    金融业
59.86
30.2
3.7


    房地产业
40.09
13.6
2.5


    其他服务业
290.70
17.2
17.9



 
 



生产总值（亿元）
 
#第一产业
第二产业
第三产业


 七星关区
333.4
66.0
106.0
161.4


 大方县
186.9
36.4
72.5
78.0


 黔西县
183.8
30.0
76.3
77.4


 金沙县
225.4
29.5
122.3
73.6


 织金县
172.0
34.7
62.8
74.6


 纳雍县
189.1
30.3
96.3
62.5


 威宁县
215.2
71.8
55.3
88.0


 赫章县
125.6
41.2
25.7
58.7


 百里杜鹃
25.6
4.3
14.2
7.2


 金海湖区
76.1
7.0
55.4
13.7


 
 
 
 
 


生产总值增长速度（%）
 
#第一产业
第二产业
第三产业


 七星关区
13.0
6.0
10.1
18.0


 大方县
13.1
5.8
14.7
15.0


 黔西县
12.5
6.2
14.0
13.3


 金沙县
12.9
6.1
14.8
12.3


 织金县
12.0
5.7
11.8
15.1


 纳雍县
12.7
5.9
14.6
12.8


 威宁县
14.1
6.0
14.6
20.2


 赫章县
12.8
6.3
14.8
16.8


 百里杜鹃
12.6
5.6
13.8
14.3


 金海湖区
12.9
5.7
15.1
6.8




